280

5847 D. A. W. 555 1515, 155151115155555551555515
1115155. 115555515155 155 815155-65555551. 11555155, 1855. 8.
5848 11. G. 1131555551, 1553555515 sermonis 5 decedente
11551. 1153. 5551. 1531. Bal. 1551). 1. IX Febr. 1846. 8.
5849 E. Μ. 555 8555515555, »vij 155551515 551555
55 55551551555155555.” 1551111535515. 515551. 1848. 8.
58511 C. J. 11511155, 1551115355515 5555 15 15 onze
15355 15153551 35555155 noodzakelijkheid 55555 55551135
1555155153 155 wis· 55 55155515515. 15551. 1848. 8.
5851 D. Bierens 15 11555, 555515 55531 555 1551555·

355555155155155515551515 51515515. 1155. 1865. 8.
5858 11. W. sordens, 155515515, 3515. 155 865155 April 1864,

155 15515555153 555 15 5551555153 55511555515555515 15555515
1555511153 op 26 85511 1814. 1155551155 1864. 8.

5855 , W. B. J. 555 831, 1551 155515155551 [15555155.
1555555511, 3515. 155 845155 April 1864, 155 3515115551135
151511153 155 5131113515 5551551535551155551555 551551. 855.
1864. 8.

-u-——o--a--ae—-u-

5854 1. H. 1115155515, 15 colloquio 1555 cum Nicodemo.
1856. 4.

5855 S. P. Heijus‚ 15 Gregorio Nysseno. 4. ¹
5856 W. 11. 1155551555 555 11555551, 15 85555155.

s 5555. 5.

5857 Ρ. 8515115555, 15 11515. 15511 5115, 5511. - 1. Α.
G. 5551155515, 515. Tullius Cicero 5555551555. 1856. 8.

5858 Curia pallacium. 15555555155515155111151. Passraet
55115515855155. 1486.) 8..

*τ’-*ΨΜ

 

