111,

28291111111111 1111 11 1111111110111111111, 111111111- ·
1111111 11111111111111 1111 11111111. 111 181011
1815. 2111111, 1851-1817. 11111111. 8.

28511 Kronijk 111 61111111 Coccina, uiigeg. door 11111-
coniging 111 1111111113 111 Overijsselsch negt 11
611111111111. 1111. 1860. 8.

2851 1. 1111111111, Beschrijving 1110111111111 1111111-

1111 in Febr. 1825, met 11111. 2111111, 1826. 8.·

1852 6111111 11111111, Verhandeling 11111116111111111
6111 11 besehrijving 111 11 1111111111 1111111 11
1111111111. 11111 onningegeven 111111111111 111
111 1131111111111111111110111111111. 1111. 1839. 8. ¹

2855111111111111111 1111111, 1111111111, 111 1111111- ¹
1111, 111 1111111, 1111 van Gronyngen, myt 111111
privilegien 111 Laudes 111 0111111111 11 11111111-
111111111111111. 1.

. 28511. 1111111111, 1111 11 1131111111 11 111111111 111

planen 11111, 11111111111118111111, 1111011111111. 1
2111111812. 8.

2851 1111111111, Historische 11111111 Kronijk. 2⁴¹· 11. 111111.
1859111819. 11111. 8.

28561. Α. Ebbinge Wubben, Piaalsbeschrijving 111 Ge·
1111111 8111111111, prov. Overijssel, 1111111131111-

11111111131 bijvoegseis. Gron. 1851. 8.

18571. W. 111111, 1111111111 1111111111111111111 111-
11111111 merkwaardigheden 11111111 11 heerlijkheid
1111111 11 1111113 111111. Camp.1785‚ 1786. 8.

1858 11111 11 11111111 1111111 111 ’1 geone gepasseert is,
11111111111111111111111111111 11111111111111111111,
1111111 1111111111111111 11 611111. 8111111, 1672. 1.

 

