05

1068 Τ. 0 F. 001110, Bibliotheca 0000000100 1111030010011010

¹ 1110310 1110030 100 W. 0030110001. 10100. 1811. 8.

2069 J. 11011301, 00001111010001111000 000010010000. finden.
1811. 010. 8.

0070 C. F. G. 110013, 1100110003 000 001001010003 001

-0111111001100 0011010001100. 8111113. 000 0111103. 1817.
Op 110000 30310111. ’

1071 E. 800101οΙ10, 1100110003 000 00100101000300111100-
031100 0111101 und Wiesnnkrnnler. 81011300001111113.
1819. 1.

0070 1100010 8001010110, 100. 000 001001. 001 1110011311ου

⁸ 0011013100101. 8111113. und 0111103. 1850. Op 110000 30311.

2075 00001111010001111000 01100100300 100 0* W. 1101010,
011000. 10101. 1. 0. 1.

0071 D* 0011101, 000110010001 11010000 001100300000010.
81013.1850. 1. “ “

0075 —------—- 0001100100010011-000 000100 11000010.
8101101851. 1.

0076 Alex. 1. 11001οο11, 1000010 0100110311030010111 001
00000010. 7111. 1806. 8.

2077 111011 001301, 010 0011100003 001 0010000001οη 001
031100011100010 Wege. 011. 1855. 8.

0078 0010101100 0110011 000 L. 0110001, 00011001000100111-
0011010000100. 0100. Wien. 1856. 0013110100.

0079 D‘ Hermann 11100010, 010 110110000ου03 001 00010031·
011101000001100110. 10101.. 1856-1857. 8.

108011* Fr. L. Slnmpf, 00001000 10110001100 0011100 001
100011110100011010. 0011. 1858. 8.

2081 010 landwirthschaft in 0013100 100 Ρ. Α. 1033000010.
10131. 1808. 8.

 

