16

10811. G. 8111111111, 11111111111111111 1111111111 111 iiii
1111111011 111. Bari. 1858. 8.

10851111111111111 111111 111 1111111101 111 3111111111
11111111111111111 111 1111111 1857 von 1)Ι William 11111.
1”, 1”’ 11113113. 11111. 1818, 1819.

1181111. 1111111, 111 111111111111 111 mummolam,
1111711111111.11111. 1 11111. 31111819.

1081 111111. D' von 1111111, 111 11111111111111 und 1111111.
11111119 1860. 8.

1086 D' Alexander Mulier, die (111111111111111111111111113
111 1111111111111111 1111111μωί111 111 1111111111
1111111111 1113111111, orosam 1861. 11111 11111111.Ι

10871)Ι 1111111 111111, 111 1111110111 1111111111111111.
1111111819. 8.

108811* F. 111. 0111, 1111111111 111111111111111111111111111
1111111111 111. 511111. 1111111111ωεί9 1859. 8.
1089 011111111111111111 11111111 1111111. 11111111. 1. 1.

ΡΙ111 op 111111.

1090 11111111111111 1111111111, 11111 op 111111. Ρ1111.1.1.

1091 1111111111111111. 0111111111 1111111111 11111111ιί11
111 [1111111111 11111111111111111111111111 1851. Pan's
1855-1858. 8. 011111011111111111111111111111111111

et artistiques faites 11 Franco depuis 1111 origine. Exp.
111859. Paris 1859. Ε1ρ.111811111. 101111. 8.

1091 (11111111111111111111111101111111111111111 111859. 8. ;

11). 1859. 8.

1095 1111 1111 11111111111111111, 11111111 wijzo 111
1111111111. 111111. 1761-1765. 11). 8.

109111111111111811 1113131111 1111· 11 1111111111)ρῇ ter
hevordering 1111111111111111111111111111. 1811. 8.

i
1

 

