11

1921 G. 11111181111111111111113, 611119111111116111111111111
111 1111111111. IV Ι). 111111. 1768-1782, 11111111
11311111111 de 1113111111111111 dienen. 1765.

1922 611111111111111 de Η1111311 111611111111111 11111111

111 21111111, 111113111131 11111111111111 Bondam.
1 D. 1 111. 01111111 1782.

1925 · 111311111 111 1111111111 118111111111 11111111111111111
111 11111111. 1 - van 1261-1591, 1111111111 door
P. G. Molhuijsen. Kamp. 1861. 8.

1921 1111111111111110111-31111. 6111111651. 1.

19251111111111 111 1111111111, tho 111111 gebracht 11111
111311111111111 Μ11111111 1111111112 dr. 111111111
Τ111-, 6111111111, 01111111111131 11 111111131111111
11111111111311 111, door 1. Α. (1161111111. campen
1782. 8.

1926 Verhandeling over 11111131 111 111111111113 111111111·
11131111113111 111111111111110111111111, 113111111111
(11111161111111 Dumbar. Dev. 1785. 8.

1927 1111 1131 111 1111111113111111111131111113111

0111111111, 111111 113111111111 11 11311111111111111
Μ’ 1111111111 1111111111. 61111111 1781. 8.
1928111111111111113 111 111 zijde der Ridderschap 1111 het

1131 111 11111111111113 111 1111111113111111311 (111
provincie 111 0111111111. 1111111111 1781. 8.

1929 81111111 1111111111111 1111111 111131111111111111 111-
31111113 der provisionele Representanten des Volks
111 0111111111, 1111 11116111111-1113111111111111111
11111111113111111111 (1796) 1111111111. 8.

1959 Ρ11111111111 111 1111111111. 81111111110111111111, 111
25 11111 1802 11121111111805. Zwolle. 8.

 

