266

5709 11. Q Ι111 11111, 1111111111111111111111111111·
111111111111111111111. 111111. 1856. 8.

5710 011111. W. 111111, 01111111111011111 11101-
11111111111111111111181111111111. 11111. 1865. 8.

5711 811111 1111111, 111 1111111 111101111111111. 71111.

u, 1111111, 1111. 1.

m

5712 1. 11811111 111 81111111, 111111111111111111111
11111111 111 1111- 11 1111111111 11 11111111. 11111. 1779. 8.

5715 11. 1111111111, 1111111111111 11111111111111111111
111 1311111111111111 1111 1111111111 8111111111111113111
111111111οωί1 111 111111111111111111. Berlin, 1860-
111113. 1- 8. ⁸

5711 11. 11111111, 1111111111 iiber 1111111111-01111111111
1111111111 1111111111 111 71111-111111111111. 8111, 1861.
2· Aufl. 8. ’

5715 11. 811111131111, 1111111111, 0111111 111111111-
logie. Paris, 1860111861. 11. Tomos. 2· Edit. 8.

5716 11111111111111111111 1111111111 1111111111 111
11111111111711111. 8111119111 1. 1111111111, 1861.

5717 carl Glasl, Excursionsbueb‚ 1111 1111111111 1111
1111111 111 1111 111111111111 11 1111111111, 111111111111
1. 1. w. 1711111865. 8.

5718 11111111-0111111 1817-1810, 2¹5 1111111311
11113. 1868, 11111111111111111111113. 1817-1848.

5719 B. Meyfink, eenige wijzigingen 111111111111111
hoosdbewerkingen 1111 1111111111 1111111111. 01111850. 8.

5710 L. Μ11111, 1111111111-11111111111111111 11111 11-
* palingen der aequivalent·gewigten 111 11 11111111. Uer.
1855. 8.

 

