21961). R. Kamphuyzens 01011011100110000, op 00100 ge-
10001000, 1000 Μ. 11011100. 11011001. 1688. 8.

2197 (1011011 00 »100 00010000 graus 10100” 000 J. ἴ

Bovius. 1651.
219810001 000 Geel, 1101101100, 0110000000 1000 Korn. 000
10101. 11011001. 1721. 1.
219911. v. 110100 00 P. L. 0. 1. 110010010, 0110101110
0000001οο00. Uer. 1782. 8.
2500 1101101100 000 Jacob Spex. ’0 11000 , 1755. 8.
2501 1000100100 1101101100 000 Jacob Spex. 1011. 1779. 8.
2502 1.. W. 01100100, 101001100100000000100. Ama. 1762.
2505 (1011011οη 000 8000 110010 0. 111110. 1101011772. 1.

0001 0. 0000000110, 0000. 000. 100 0000. 0. 00000

2505 100 10 Regt's mengel·dichten‚ gezangen 00 1100110001
100110011-000110. 51· 10. 11001. 1779. 10. 01. 8.

2506 De 000000 001010101001100, 1010000 00 00001. 001101100
000 L. W. 0. 11110100 001. 0. Μο0100, 00 0001101100
00 1010100 000 N. S. 01110100. 1101011792. 1.

2507101100 000 110111. 80001000. 600001800. 8.

25089000010010 01001 00010100, 1815001811, 10 000
000000. 11001811. 8.

2509 1100001100001110110000011. 0001001000. 0001819. 8.

2510 1110000 1101101100 000 11. 0001001000. 000. 1828. 8.

2511 111000001001, 1101101100. 10101. 1851. 8.

2512 111. (1.0. 1. 1101010010, 110001. 1101101100. 1110001856. 8.

2515 C. Η. Clemens, Lentebloempjes. Nu'jm. 1856. 8.

2511 1111001110 000ος 0110 01110000010100000 000 100

0010000ος 100 000010 000011, 0110000000 0001 0000
1010111ος, 0001000100, 0001001001οςοο 00 0001001010000,
100011Ι 1000010 costa. 1000001815. 8.

 

