115

76666 (1.) 11613666 661. 161 7166111661 und 761166666. 9058.

----- 11161. 1. 1166616. 61963. 166161116166. 9059.
6666111116 (1. 1611666. 166161616166. 9017.

Theatrum 11661166661166 6111. 5761.

7661616166 (G. J.) hist. epid. 16666. 6166. 5979.

7666661111 physiologus. 9118.

3 Thierry (163.) 666111 (161 temps 116666. 9606.
766166 (1. 9166166) 1661 666 (1666661. (16161116635161.

7661161 (1161161116) 6111. d’ 1631616166. 9678.
1 76611666 (76.) 16666166166 16 1161161111. 5078.
( 766166111611(16666.) 6111. 1. 116161. plantarum. 1967.

1 76661((1611161 16) (16161. 36661. 16 16 Franco. 9996.

1 Thym (1.1.1166111631) 3111666166611661631161619706.
716611116161. 9591.
1616611. 9595.
7166166 (1. W.) (166661116666166616. 5961.
'fideman (1.) 116666 666 den 116616 d. 1. 6. 1116611. 9191.
16666 666 S‘ 7666611661» 1 ι 6 95911.
7116166111(16(16.) opera 661616. 1895.
7611661161 (1166166661) 666161661161161. 91115.
comm. 16 66663. Vergilii. 9590.
orationes familiares, 1611. 9106.
76611116616 droit civil 16661616 1915.
7661661611 (de) 661636 (161 61661661 de 6616611166. 57011.
⁸ (J. P.) institut. 161 herbariae. 1965.
76661661 666 11611661 (6111661 611 d' 111. 666 661) 9771.
commercio 16116666 1611666116161. 9771. ⁶
66613. 661661. 16 1111161161. 9771.

. -----61661161611111611611. 9774·
01666. 9771.

 

