555

6666666(1“6166. von) Europa 6. 6. w. 2671.
36666. Europa’s 6. 6. w. 2670.
6666666611 (N. P. W.) 6616. 666 366666 [666166666166
1616666666161666. 2168 61 5725.
6661611 (1.) textoris officina. 5761.
Ray (16.) 6161. plantarum. 1960.
66666666 (66) 6666661666 pour 666616 616. 2165.
66666366 (W. 66 Constant) synthotisohe 66666666. 5691.
6666666666 66666. 66 6. 66666661. 5728,
·--·-- 666 66613166 616. 6616 661666316. 2212.
666616666 (ν.) 66666116 vnn 66 6666166 6. 66661. 111666161957.
666666 (166) 610666666166. 2667.
6666611 6666111666 616. 2211.
-- vnn 66 166616166 16666666 de 8161661166666. 2776.
66166661 (66) 5069.
1 6631616666 666361 sigilli 66366 Scotorum. 2672.
¹ Roglement voor 66 6666666616 66 66 6666666366. 2865.
¹ 6631 (166 66) 6663616166166 666. 2606.
66111666663 (66) chronique 616666 66 Pb. 11666166. 2781.
----—---— 6666. 66 11663666116 avoc Philippo 11. 2765.
mess. 666 66. 61 666 66166616 6613. 5061.
monuments 66 666666, 11616661 616. 2789.
6616666661 (G. G. G.) 6661. 66 3661. 6616, 6611. 5161. ·
plantae Indiae 661. or. 1996.
66666 (1166661) 66613166 66 1663636. 2179.
666661 (666661) 61 166 8611666666 institution. 2995.
11666116 61 meteorogicnl 666666611666. 2296.
66666116 6666666616 (1666.) comedia. 5765.
1166666 (166166) 661. script 2611.
66666 (G. H.) Pflnnzonbltttter 16 6616666666. 5707.

 

