125

5078 1111111111, 1111 11111111 811111111111111111111, 11
11111 111111111111 111111 11111111 (111111. (01111111.
111111111111111111111111111111111111111814).

1079 1111111111111 11111111 1111111 11111110111111111.

5080 11111111 1111 11 11111 1819,1860,1861 111861,
111111 1111 611111111111 811111 11111811111111
Ζ111-Η111111. 16111111. 11111. 8.

5081 1111111 111 11 (11111. 811111 111 11 811111 1111111.
0111111111, 11111111 111 11111111 11111111. 111819.
2111111 , 1860. 8.

5081 11111111 111 11111111111111 11111111111111 (111 11111

“ der 1111111111 01111111, 11111111 111 11111111 1111
1111111111. 1111. 1851-1861. 1111811. 8.

5085 11111111 111111 111 11111111Η1111, 1111111111111

1 Lagere Scholen in 111 [1111111111 11111111111111.
111111, 1815-1861. 11111111.

5084 111111111110111111111111111111111111111111111101111-
111, 11111111 111 11111111 1111111111111118111111111 ῃ
1111111111111111111111111111111111111111. Dav. 1861 8.

50811 1111111111111111111111111 111111111111111111111111111 ¹

111 1111111111 111 011111111111111111, 111111
11111 1811-1860.

5086 1111111111111111111111111111111,1111111111111111.
111111111111111111 Congum, gehouden 11 1111111,
1111111111111111111111111816, 1816111887. 111 st. 8.

5087 111111111111 1111111111, V⁸, 111, Χ·, 111, 1111, 11111,
XlV', ΧΨ, xv1⁶ 11 1111111111. Landhuishoudkundig
Congres. Xl 11111111. 8.

5088111111111111111111111111 111 1111111. 11111111111.
1819-1856. 11111. 8.

 

