510

Soommoring 18. Th.) icones 111111111111111111. 2198.
organorum 11111. 2200.
1111111111111111111111. 2197.
111Ι111111111111ἰ. 2190.
8111111111 (Β. J. B. 111) 11111111111111111111111111.
2118.
8111111111 (111111) 1111 1111111111] 111111 1111111111 century.
2917.
81111111(1111111111111)111111111111101111. 2717.
1111. 11111111. 2722.

8111111101. 1111111. 2107.
8111111 (Ε.) 1111111111111. 2921.
Spectator 111 1111111111111) 2699.
8111 (Jacob) godiohton. 2500.
11111111111111111111. 2501
81111111111111111111111.11111110111110111. 2825.

Spoors (1). ) 11 1111111111111. Λπκ5171. m

Sprongol (0.) 111 111111 vom Diingor. 2065.
--- (11111)111111111111111111111. 2218.
11111.1111111111111εοί1.11111111112217.
81111111 11111111111111 1111111111. 2097.
—--- 11 111111111111111 1111111111 111. 2157.
8111111111111111111111111111111111. 2521.
81111111111111 1118111111111111111111111. 2778.
8111111111 111 Groningen. Ι 1952.
81111 1111111 11101111111. 2811.
81111110. Ε.) 1111. 1111111. dog. 1111111. 2159
11111. 111111.»11111.-1111. 2159.
------« pathologia. 2217.
theoria medico 1111. 2218.

 

