6111111111, 111611111611 Mei 1576 111111. 11177.
Uir. 1860. 8.

27631. 111 1111111, 6111111111 0111111111] (Julij-Oct. ,

1876). 11166116. 1860. 8.

2761 8111111 11 6111111611 111 11111611
graus 111 ’1 1111111 11 and„ 111. 111 1111. 1576.
11111. 1111. 1.

2766 -----·———- - Twee 11111111 111 111 6111116161 koop-
1111611111 1111111111, 11 1596. Ζ111111, 1860. 8.

276611111111 111 1111111111 011111, ,161111111611111 111
61111116 111 State (1591-1602). 1111 111116111 11
11111111111111 door Lodewijk-Mulder. 1011. 111111,
1862. 8.

2767 1111111 611111111111131, 61111111611116181111111
6111111111. 61111861. 8.

m

2768 G. W. 1111161,111116111111111111111111611116111116111.
6111111111. 611. 1866-61. 11011. 115811. 8.

2769 E. G. 11111111111111111 des 1111111 11 1111116111

conclus par 1111111111 61111116111111111 puis·
111111 1111111111 depuis 1816 111111 111 jours.
11 111 1111, 1111 et 1111. 111. 1-1. 1.

2770 N. G. 111 11111111, 1111111116 111 1116111116 op 1111
1111111 Europa. 1111111855. 8.

1771 W. C. 111111116111, 1111111116. 611 111111116111111111
61 111111. 111111. 1862. 8.

2772 111. 611111, 6111111. 1793-1815. 111111, 1861. 8.

2775 M. 11 13⁰· 61 81111-011111 11 G. Α. 111111 6186111111

11111111 611111161111 61 1111111111 0111111111 61 schep-

 

