’ 525

11111111111(611.)11111. 2864. ¹
11111111 (11111.) comm. 11 Genesin. 1845.
1111111111 (8111111111) 2856.
--— (111111111111) 2855.
1111111111 (61111111) hist. 111111 1111111111. 1. 1. 2590.
1111111 (1.. W. 111) 1111111131111. 2502.
11111111 311111111111111. 2506.
1111111111. 11.) bibl. Antverpiensis. 2941.
1111111111. G. 1. 1. Boon) 1111. 11 111. contempl. 5149.
11111111111 bij 111 7511111111·
11111111. 5167.
1111113111 11111111111 111111 11 11 1111111111. 5051.
histor. 1 n ι 5052.
11111111 (1111111) 11111111111111111111111. 2715..
11111311 (1.) 1111111111111. Ρ111111111111. 2069.
1111111111 (11.) 111111111113 1111111111111111. 5724.
1111111611111.) 1111 Immanuelis genoratio. 1846.
-- (11. Η. F.) 111111. 1115111111. 2014.
11111111 (B.) handboek 11111111111111. 2145.
wijzigingen 111 11111111. 1111111111. 5719.
1111111111, hist. 11 Franco 11 11111111. 2601.
1111111111 1. Κ111111111 (1.11.11.)1111111111, 1111. 5665.
1111111111 (11) 2557.
11111111 11111111) 111 1111111 11120111111111. 5711.
1111111 (F. v.) charterb. des Graaven v. Holl. 111. 1920.
111111111111111111611111111111111111. 2817.
11111111 (Ρ.) figures 111111111111. 1. 1. 2006. ¹
1111111111111111111. 2005.
1111111, 111111111111111111111111111111111. 2576.
11111111111 (111) 1111 0111211111. 2525.

 

