, 8111113111. 1111111111. 5669.
81111111111811111111111111. 2961.

11111-1111. 111 811111 111 8181111111. 2268.
8111111111 1. 11111. (11]’111111111111111111111). 2957.
Bibra (1111) 111 (1111111111111 111 111 8111. 2085.
811111 (1111111.)1111111111 111111111111. 2180.
8111111111 (11 1111111. 111). 2515.

-—-—--·- ondergang 111 111111 1111111. 2511.
———--·- (1111111111. 1111111 Κ. W.) 2516.
81111 (S.) 11111111. 1818.
8111111111 111 hommes 1111111111. 2970.
8111 (1111131) 111. d’obs. 1111. 111111. 111111. 2298.
81111111 (G. W.) 111111. 111111111111111111. 2007.
11311. 111111111111111811111. 2011.
8]111111111’1 (1.1.) 11111. 5780.
81111111 111 ampliatio 111 1111111111 1111111111111111111.
5695. .
81111 (1. Β.) 111111. 111111 troubles des Ρ111-811. 2719.
81111111111113,11111Μ1111311.2727.
81111 (11.) 111111111111111111111. 2529.
811111111111. (1.) 1111111111- 11111111111111. 11111. 2887.
Μ--Μ11111- 11 111111111111111. 2888.
0111111111- 11 1111111111111. 5025.
81111111 (Ρ.) 1111111. 1111111111.1111.-11111. 5061.
811111 (Μ. Ε.) 8111131111. 111811111. 2171.
81111 (Α.) 1111111. 111111111111. 8111111111. 2050.
111111 111111 nullus 111111. 5286.
8111111 ((1.1.) flora 11111. 1985.
1111 series. 1996.

81111111. 1986.

 

