10

1910 61113 Wailz, 111111 111 1111131 111 1111111111.
(1111113111816. 1.

1911 1111 1111111111 1111111111111 111 1111111111111 11111111
11111111111111, 111 G. Homeijer. Berl. 1856. 8.

1919 1111111111 111111131111111111 111 1111111111 Walter,
111113. 11 B. 11111 1857. 8.

1915 Le 111111 civil 11111111, suivant 111111 111 code, par
Μ. 11111111. 1111111111 edition, 11111111111111111111
11311111111 1111 jurisprudence 1181311111 des pays-Bas.

111111. 1899-1819. 1111111.

1911 1111111311 111 111111111111113111 811311, 3111131 1111
1111311111111111131 1111111111 111 11113111 111111, 3
111111111111111. 8111111 1899. 8. , ,χ

1915111111131111 du droit public, suivi 1111111111111111 ¹

11111111111111, par 11 11113111 91131811111111111111.
Τ1111111111111111. 1111111. 6111.18115. 8.

v--n—-n—

aab. .1;1..1,,-1.1911 (11111911111111111111111111, 1111111111, 81111111 111. ¹
fl'w'ssffl' 1111111111111113. ’161111111658

1917 J. 11111111111, 6111191111111111111111111111. 111 D.
Utr. 1799.

1918 11111111 111 11 9111111 31111 111111111111 ’1 11111
111 11111111 1113111111 1111111131 111 11111111 1819,

1111 1111111. 11111111111 1)Ι P. 1. 1111111111. 11 D.
1111. 1860.

1919 91111111111111111111111 1111111131111,111111111113111
111 vijand. (111111111111811111. 1718. 1111. 1718. 1.
1990 F. 111 Μ11111, (11111 (11111111111 111 (1111111 111

11111111, 111 1111111 1111111111111111111111. IV D.
111111 1755.

 

