2478 (101111001ιο 8101100 100 130. (1003003131. 1111100
11003. 10111888. 8.

2476 zeitschrift 1111 1013101010010 801001101001003 0011010
(1011010100 1100100100, (1110011001οη 0011010101001100,
1010003030100100 111. 11011. 110110. Berlin ¹855-
1862 7111. 8.

24771101111130 001 1013101010010 8010011010011003 0011010
Gebiete 101 11100100, (1011100100 001 81001001008010·
01100 von Δ. 110110 001 Δ. 8011010101. Berlin,
1858,1861,1862. 8.

24781101 1110311003 101 83100110 110 100010ωο010030 mit
100 1011100 110300 01100 11100000, von H. 8101011101.
01003. 1101110,1818. 8.

2479 110 1011310010 1003030, par 1110001110000. 2“· Ed.
1101101858. 8. ν

2480 10010001, Histoire 0111111101010 10 1011001310, 110-

00010 01000001 1 1000001100 31001010101000101010 ,

100 00100000. 81000000. 4.
2481111. R. G. 11. 11110101. 1010 010110010010101101-
10010. 18111. 8.

24821000 310010ωο1100 10 10 1001 1010010 1100100, 011-

3010011131 10 10 11010010010 provincie 100 101110101-
1000110.
2481 11101101001100101000101011100100100, 10010011011010.

01101010. 001. 0.

2484 S. 80000, 11001101, Princo 01 1100010111. 8101011001 t

1100103101 100 8101000000. 1100. 1849. 8.

...ηομ-..-

 

