6616 (66166611116616616666666661116.
tis per 6116111611 anni (11161. Peuma 6. 1177).

5677 Ρ.(1.116111113“6611,166·16116 op 11611 250¹·- 1611661163
van 16 6111111163 1161 hemmone 1611611666 gennente, 11161
6611136 1116161116116 611166166113611. 11661819. 8.

5678 de vijze 6611611131113 1111 116 les·
1611 116161α111661111113, voorgoeleld 111 66116 16611616 6161
116116 XIV: 16.10’. 11661825. 8. '

5679 Δ. 16111111, 611161611116 6166166116316111161 16361-
116616136 611 1161 1661666116. Bw. 1828 8.

5680 W. 8. 1. van Eyk‚ 6611 66161661161611116611161611
6136116111. Dm. 1856. 8.

5681 6616116116161111 1869. nm.
1860. 8.

5682 66116 stem 1111 1161 1111111161 (166
1111116. 1711. 1862.

5685 1. N. Bouilly, (16 16136 1161111611, 361616161 in
16661666136 1616166166. 71661825. 11 11111. 8.

5684 116 1111161316 116111, 1111166661 111 8116116,1111616
3611161611 166136116111 door 66111611136611611116. 1111 ’11166311
11611. 1827. 8.

5685 11616611016111613, 16661661161111611 6111116611611
6111611166366611161161. 11661869. 1111111. 8.

5686 J. 11. 861161, (166111111611116111611111. 11661850. 8.

5687 F. 116 16 1161111616, de 31116 1661 den 66161611 1661-
1116. 11661819. 8.

5688 J. S. Ε1611161, 36611 3661113611316616611161111611.
116111.1161111111166116161611611161611161611. 71611865. 8.

5689 B. 1161611116, brief 1611 Petrus Immink in een 11161-
1161611161(163116111366166161. 1166. 1827. 8.

 

