15

1958 1131333 333 83333333313333, 8313333333 33113133 33
(1333331313133 133 sind 1133313313,3333333131311133131
van Jagt, 333 Gericht in zaaken 333 13 1331, 333
het ijken 333 31133, 3333133 33 33313133, 33 333131
3333131133 333 8333331313133 133 3131 ’83331313 313.
0333331789. 8.

1959 Ν3133 1331333 333 Burgum. 33 333333313133 133 3131
Ε33313313, 3333 zich 33 13 331333 Τ333133133 313133,
3333 het ’3331 333 3333333 33 ijken 333 31133
33 3333133 33 33313133 133 313133 in Tweme.
Campen 1785. 8.

1910 1131333 3333333313 1331 133333333113 33331311 333313
3333313133 in 13 heerlijkheid Almelo. campen
1785. 8.

1911 81311333 33331333331311133 333 83133333311333313
3131 Ε33313313, 113333 in 3333333133 13333313 by
Ridderschap en 313133, 13 3133133 333 03333331.
9333131785. 8.

1919 831333 333333313 13 1333333333 133 kleine 313133

, 333 733313, 133 3333133 333 133331333 11331133 33
Vrijheden, op verzoek 333 333333111333133, 133 333-
33133133 van 13 333333113 313133 133331311 1333
M. J. W. Β3333. 6313333 1785. 8.

1915 (133133-113133333 3333 133 Η333 1133313 333 Τ3331133, 31

13 33333333313 13133333 3333 1313333333313333 33 ’

Gemeenslieden 333 1133313313, 3331331313 1133313333
13313111333131133311313. 93333133 1786. 8.

1911 831333 133 3131 (1331 horst, 33313331 13 1333333333 in het
33133113 333 133333 11331133 33 Vrijheden. 8.

1915 (1313333 333 appe! 33 3311131133 3333 die 333 het

 

