116161 (1. 111) 1176111711. 1. 61 1611. 111 1. 0111161111. 2761.

--·-·---117616111161611663161. 2765. 1

(11166)1.6.1611.166316611612765.

61 1616167161 116 61 161 161 W
31611111116611161. 2761.

(611713636161) 161 (1711161611-

laimunt. 2762.

11711616 66116616171366161161161771116163 ·
· 6116 61613616 161 116611611. 2755. 1
11761616117611171161713. 2805.
361161-1661161 61 1611631113 71 St. 11. 2756. (
36111. 1611611713611616166111. 2985. 1
6616116111611166111161. 2192.
. -Ρ11617611617716 2982.
------11611611. 2112.
-----161617]’16 working 161 16161161116161661,
161161- 61 1616361617616171. 5129.
1611161116136 (1161171116) 6611. 1616161611616. 2767.
1611111771 161161611611 (1616166173713) 5102.
. 1661661161161 16616161 (11.1.)1611116 11711 5829.
1661161171161 (661736) 6161161 poten 611. 2116.
16611161 (concept) 661 16 16161 161 1111611, 1116161,
· 96161161, 1116116 61 1611161. 5820.
16163716 (16661716) 1611161616. 261111.

16111611161 16 11661 (Ρ. Ο. C.) 16171761116611. 71
physica. 5115.

161161 (Α. Ν. 11611161 Β617616) 661616366. 2962.
ἣ16111661(1.) 61. 16113. 61. 111176 71 expl. 161. 5117.
16116611(Ρ61171661176161)1611116111616116712125.

’116616 ((1. W.) 3616176161711611161. 1761611616. 2768.

 

