118

501811111111111381 111 881118 118118 1111811111. 1181.
111111111. 118118 188111. 18111. 1819-1811. 11011. 1.

5019111118111111 1111 18 11111- 81 11111111111138118181-
181111181, 1113838181 1881 18 881118 1111118 111 1181
1181.Ν81811.111111111. 11111. 1818-1811. 111111. 8.

5020 Verslagen 111 18 18111111181811818811181111118111
1181 1181. 1181. 1111. 811111809181 1816, 81138111.
11 18 1131118818 18131181113 1811111111111. 1.

5011 181111381 11118 8118111118 1813118111381 (1-11111181
881118 1111118 111 1181 1181. 1181. 111111111811.,111
1817 181 1859.

5088 1111113 8181 1181 111118111111111 388811111881111111-

8811811,11381818111118113Ι 1816. 1111111816. 1. y

Ι 5085 J. 81111181 11, 81181111113818118 1111111113181

0118111111- 81 Mans-vatem door 18 118181111118118

1111818111111188, 18181811 18 118111311381 18181

1818111111381 1881 1111111111, 1111118111818, Mol! ³

81 1111181 (1111111. 11111. 1819. 1.
501118111118111381 181 1118818 1111118 111 1181 1111. 1181.

1111111111. 1618181181. 1818-1815.111111)11. 1. ’

502111181118 18811 111 Ι181111118111381 111 1118818 1111118
111 11811181. 11811111. 11111. 1850-1861. 11 011. 8.

5086 1181111381 111 18 11811118 1813118111381 (1-111111 ἶ

181 1118818 1111111 111 het Kon. 1181111111111111
1816-1810. 11111. 1.

5017 1181111311]181188181111181111181111111111111.,1183811 3

18 brug 81 1181 1118181 1181111, 81118111 op 18 3181181
111018111881118111111113811111. 11111 1819. 1.

5088 118111118111381 181 18118 1111118 11118111111181. 1

1111111111. 111111817-1818. vl 011. 1.

 

