81

8051 C. E. 111311, 111 1111 111 11111111131 11113,

111 1111111 1111111· 1111111, 111111111111. J. 1111131.

1111111851. 8.

8055 F. Kirchhof, 111 (11111 11111111111111111. 11131.
1851. 8.

8056 G. 11. 11111111, 111 1111111131- 111111-1111111-
debuch. 1113111855. 1. ,

80571. G. Koppe, 0111111111 im 11111111 111 11 111
1111111111. 11111. 1856. 5Τ1. 8.

8058 W. A. Kreyszig, 111 Sommer- 11111111111111111111-
1113, so wie 111 111111-1111113113 111 1111111111-
111111111111111111111. 1113. 1856. 8.

8059 111911111118111111111111. 11511311.
1116. 8. ,

8060 F. 111111, 1113111111 1111111111 11111111111111111
11111113131111 von der 1111131. Preusz. 111111ιί1 111
111111111111113111) 81111856-1818. 511. 8.

8061 1.. 11111, 1111111111113 11111 11111111111111111111
111111 durch 1111111111111 des 1111111111 1111111111,
111111. 1856. 8.

8068 von 111111, 8111111111311 111 11111 11111111 1856

¹ 111111111111111118131111. 111111111857. 8.

8065 G. 111111, 111111111 111 11111111111111111111 811-
kunde. 1111111111 11111. 1858. 1.

80610. A. Weiske, 111111111 111 11311111111111111111
1111111111111111111111. 1113111858. 8]

8065 1181111311, 1111111111111111311. 1111111859. 8.

8066 W. 11111, 11111111Τ1111. 11111. 1859. 8.

8067 Α. G. 8111111111, 1111111113 der 111111111111111
Groszbritanniens. 11111. 185911 1810. 811. 8.

 

