510

11111111..) 0. Plini 110. 11111111. 2451.

1111 11101011001110 111101101) 18711.

111 (A. chevalier 011 Ρ.) 10000101111111001. 2141.
100100 (W.) 1111101111 111 11110111011101100. 1156.
1011110111.) 0101111011010 1001111101. 2117.

101100 10111 1171.) 1101110111. 0111101 1.(10110110111011. 5710. .

lmmomol Jr. (1.) 10100 011 1101101 101 nouandum 011
1111111011 111110111011. 2975.

111010011111111111101100 110 1808 1011806. 1778.
lugon 11. 1.) 10 pacti-et 00011101.. 1011. 5177.
1111111011 (1110111101) 11101010 0 111011 010. 1505.
1111111111 Regii (1011110 0111111) commentationes 111. 5029.
1011111110 01011111 philosophie metrica. 5748.
1111111101 (non. 1111.) 11111101.. 1011 01101001011111110,
1011111011οςοη 101 001111 111110. 5016.
. . 1111 1101, 1011. eu 111001011111111,
01011111 111101010300 101001110111110. 5017.

1111 1101, 1011. 011 10100110 1101100,
10111110110300 1010011ιο 111110, (51010011). 5018.

(1111101110 1111 1111- 000111111001110
wolenschappen, uitgeg. door 10 001110111110110101) 5019.

(1011113111 1111010111111110101 101 1

001110 111110 vnn 101) 5010.
(101111μο van 10 0110111110 1011111-
111301 101 001110 111110 van 101) 5021.

101111111011011101111011011. '

0101110 101111 nn 101101010111101
1110010 111110. 5011.

1011111100 1111 1101001110 1013111- .

1103101111οὠ0 1111111· 5011.

 

