268

5751 1). 81515111511111, 101151153511115 11515115-
1111515 5115511113 151 15151115111151. 8.

5752 651111511511135111155151113
0151 1551511111 5115111115 11511511. (eff. Versl. 51
115151. 151 101. 11. 1. Ν. Δ11.Ν51.Ι)1.1111.11.118.) 8.

5755 - 6151151151115535151115111.
1819. 8.

5751 1151 1111155113 0115111111 11
1151511151. 1850. 8.

5755 1511510151 [1151516111 51
111531551-115151113. 1851. 8.

5756 G. 11511511115151, 10115 15111511113101 151 ge-
11111 151 111131515 bij 151 0115111111 11 1511115111115
111111111111111111153. Asson 1855. 8.

5757 loseph 611111, 15 515151555111 51515111551515, 111-
1511551, 11551511551 511 [11511111. 105101,Τ111151.1851. 8.

5758 1115115151,151115131511131115131151151. 1151. ³
1859. 8.

5759 111151111151 115 0515151111115151011151, 511153. , ¹
door 15 11511151111111 101 151511511151511051111111. Ne·

” gendo 111. 1151. 1865.

lv. 51151551175351110151..
· 5716 G. J. Polak, 0511511515 1111511151. Amne. ἵ
1816. 8.
5711 11511] spelling-book, 855111 1511111111 111111
111111 511115.

5712 81011111515111111151 1010 5011511. item 151151 1

15 1510 5151151515511 glosa 111511111511. 1111151111 Dom-

 

