88

8107 Μ. D. Mollem, 111111111111111111111111111 111.
111111. 1811. 8.

8108 W. G. 11. 81111113, 111111 1111111113 111131111111
1111111111 111. 111111. 1811. 8.

8109 W. K. 111 Gennep, over de 111111 31111111111111

111111 111 111 111113 1111111111111111111181111111.
111111. 1818. 8.

8110 1111111311 1113111 [1111111111311 met 11111311. Wit-
1113111111111111. Η1111. 1815. 8.

8111 1. K. 11 1111111, 11111111111311111111111111, 1113-
1111111111111111111. 11111. 1815. 8.

8118 De 1111111111111111131111111111011111311, 311111111
11 baren 111111113111131111111131111131113, 1111·
11. (11111 11111. Gron. 1811. 8.

8115 01111131 111111111111-11111111111111111111111, 11131-

31111 1111 11 01111111. 111111131131111111111111113 ,

111 provinciale 11111111. 1111111 1816. 8.
8111 De landbouw op 11 1111111. 1111311111] 11 111111

111111111311, 11311111111311 11111111111131111111111, ¹

door 1)r W. 0. Η. 8111113. 111111. 1818. 8.
8111 Ε11131 1111111111111 1111 1111 poten 11 11 1111111
11111111113111 111111111111111. Ζ1111111818. 8.
811611111111111111111111 11111111111111 11 1111111111, 1111
1)’11’.1].11.8111113. 2111111 1819. 8. ’

8117 11111111, 11111111. 1111111 0111111111111111111113111,

11 11111111 1111111111 met 11 hulpmiddelen tot 11111111
11111111113111111111111. 2111111 1819. 8.

8118 Μ’ B. J. B. 111 8111111111, 1111111 1111111111111111
1111111 11 1111111111311 11111 1111111 1111111111311
1111111111111 1111111111. 1111111819. 8.

 

