1111111111 (111 1111111) nd inventoria 11 111 11111111
11 uin 1111111111 1111111111 1. 1. 1. 2664.
111111 (1.) 1111 11111111111111111. 6067. .
11111111 (N. G. 111 11111111111111111. 11 1111111. 2770.
1111111111 (Fr. rm 111111111111111111. 5066.
11111111 111111 111111 11111ιί11. 2404.
nanteolo 11. 6 111 do) 11111111 11111111. 2112.
--- 111. 1111 1111111 111. 1.. 111 (1011111111111
1111111111. 2499.
11111111 (0. G. 111 11) 111111111’1111.111’11. 11111. 5111.
11111111 (111.) 1111111111. 111111 der 01111111. 2181.
1111111 (0. 1111111)111611111111111111111111. 2559, ¹
111111 161. 1111. 1. 11.)1111111111.111. 1. 1. 61111111. 1911.
11111111 (1. 11. 1111111111116.) 11111 1111111111. 1988 ἢ
11111111111)111111111111111. 5681.
1111111 (S.) 111111 6111111111111111 1111111111. 1906.
1111111111111’1 1111. 61.) 1111111111111111111. 5791,
111111 (11.1.) 61111111. 1824. 1
-.-.--—— 11 1111111111. representatis 11 111111. 2741.
A . Mnemosyne. 2166.
1111. 111 1111. 111. 1111111. juv. 1161. 5117. Q

1111111111 (1111111111). G.) 11111111111111. 5051.
1111111111 (11.) 0116111111161111111111111111. 2066.
1111111111111111116.)111111111111111111111. 1811. 1
1111111111111,1111111111. 2111.Ι ¹
Klaproth 11.)11. 1111 d. 1111. 11111. champollion. 2524.
11111111(11.) 1111 111111111111111111111111111. 2019. ἦ

 

