Μ’

500100101103 0000 ’10031000 00001000103010000001000. 1900.
door do 81111100-
volup. 1908. ¹
’1011000000 00 0000000300 mi de dij·
100 001100 do 2011ιο10010 00 801010030010 0010000000. 0884. ¹
(100 00110010οἀ001οο 0000100000 door Prudens 1

000 00000. 0495.

10010010110300 der 100. 11011. 000 00011111111010001.) 5040. 1

1 (ι 000001.) 5011.
000 1001 8010010010 3000010010. 10 11011. 5015. ³

(0100000) 000 1001801 3000010010. 1011011. 5014.

--—--—- 000 10011101. 300. 000 1000100 00 0001000. 5015.

(100 comm. 000 de 300103. 100010. Ned. 0890.

----·-- 000101101100001001. 0. 000110110001000. 5010.

--—-—- 0001001100. 11001. instit. (0001011000). 5010.
-—-·--— (0100000)0.10.1.Ν. 0 ι 0 5017. (
(5“00010)0000 0 0 0 5018. ¹

000101100001. 0 (twaede 0 ). 5004.

(0. 00010) 0. h. 1. N.» 0 0 5005.

----000101100.11011. 0 (0100110 0 ). 5008.

0100001001. 100 hev. v. (110000. 1010001. 0094.

0113. (1000 00001. 0. h. 81010100000101030015019.

, (0100000) 000 het prov. 010. 3000010010. 5047.
1100010000 (Nea.) 00010. door Prudens 000 00300. 0195.
1000103 0000 1001 10001. 1000000001. 5000.

1000100 00010011. 5007.
-- 000 100010οᾒ100-00101οᾒ1. 5115.
1100010300 der 100. 11011000. (1111. 11010001.) 5045.
(0 1011001.) 5048.

· --··-- 0. 10003. 00 00011. 000 den 00011 0. 00000100. 5080.

 

