195

5065 11111111111111111111110111111. 1· 11111. 1819. Ι 01.
5· jaarg. 1851. N01-21. 011.

5061 G. F. 11 111111 11111, 11111111111111111111111111
Madau. 11111111, 1857. 11011. 8.

5065 1111111111,111111111111111111111111. 1111111, 18508.

5066 G. 1. 1111111, 111111111111 1111111111, 11111111
1111 1111111111111. 11111. 1819. 8. ’

50671. 111111, 1111 1111111 1111111111. 1111111, 1819. 8.

5068 8111111111111111111111111111111111111111111111111111.
031111. 111111, 1851. 8.

5069 1111111111 111 11 113111. 6111111111 111 11111111 11
1111111111 111 111 understand 1111111111111111111
11111111111111111. 11111. 1811. 8.

ι 5070 1. F. G. 1111111111, 1111111111111111111111111111111111.
11111111 , 1857. 8.

50711. F. 11111, 11111511 1111 111111111 1111111111
0111111111, 111 111111111111111-311111111113111 1111111·
111111111Ιῇ11 11111111. Ama. 8.

5071 1). 11111111 11 11111, (1111111111 1111 111 01111111 1111
Wet 111 1111Ιί113 111 111111111111110111111ᾒε 111
6111111861. 0111861. 8.

5075 11111111111111111 1111 1111111111-
111110111111111. (Overgedr. uit de 011. 0111. 011. 1861).

5071 11111111111111111111111101111111.
011. 1851. 8.

507511111311 111 11 Bijdragen tot 11 111111 11 1111
111111 111Ν1111Ι. 6111111111. (losse 11111111.)
5076111111111 111 6111111. Ouderwijs 11 Smatsregeling.
Ο (losse 11111111.)

5077 91111111,111111111111111111111111111111. 0111817.

 

