195

11111666 (01666 86116 16) 611161. (16116116111116 1915.
(1161116111. E. 1171116611. 16111616166161. 1011.
6166616116 (J.) 1611111 1611661 116161611661. 1961.

3 (16116111166.) opera. 1806.
³ (166616110111.)1661161111166. 1516.

Curia pallacium. 5858.

¹ 11111161, 16661111. 161161616611116116. 661. 1177.
’ 11666611 1. 161116166 (1161661)11661161611616111.1858.

bijdr. 161 16161166161166
166 166 161 61111. 1906.

Cypriani 661116166. 1817.

1 1166161, 1666. 1111. 1611661611111611111. 616. 5010.

’ 0616 166 1666661161 (J. 1611) 16 1161161661. 5819.

11666166166 116616. 1515.

1666166166 (11) 1161616661116666616. 5766.

06611611 11116) 116 116116161661116616. 1187.

1116161 imperial sur la 666161161166. 1816.

1161166 (1.,1611) 61616611161166 66611. 5116.

“ ·-·-- (J. 11 )(1661111166111. 5117.

---- (J.H.» )1116161]”6111. 5111.

-——- 81661.111.(1).166)116161 6611666111. 5119.
—-- 1³2. (S. 1116) 16611. 1661661611111611661. 5815.
1161161166 16 111616111616 (G. F. von) 61161. 666161. 1876.
16166161 (161 16166611). 1819.

-- 16 11661116 16166. 1508.
-- (6611. 66 gest. 166 1611111661 166). 1811.
11666661 (l). R. 661611) 616116611616111161161. 1106.

 

