61

2515 115 115111181188 118 1111511111. 1188515111, 1856-1866.
xvl 1118. 8.

2516118 Dichtwerken 188 1188118 11. W. Bilderdijk.
11551155,1858-1866. 1111). 8.

2511 D' W. 11. J. 188 Eyk: 1158111111551. 888 18151551 811
15 (15181. 15111811511158 1551 15511881511118811·
vrijheid (1522-1525) 1851518158. 1558181851. 8.

2518 1115111851 18888151811511511.
1158511151 , 1858. 8.

2519 D' 11. (1111158151. Dichlslukjens. 151155, 1856. 8.

2526 1151151158 188 P. J. 18 5815131115. Gau, 1861. 8.

2521 Α la ville de 115158181, 1 1888111188 15 1111555815
1115 1188111115, 8111118518 16 11811181 18511, 58 81885118
15 la 1581111158 18 11115818 1118111518 88118 villo
1111 Ρ. J. Baudet. 1155511151. 8.

2522 1181151Ιῇ118 inwijding 118 18 3518511881 181818188118

Ι 1815811 188 151 Athenaeum 11181115. 1551 111. 11811511
581. 1858. 8.

252511111518835 151 1151158188 a 11 88815118-Ζ581118,
1596-1597, 1111811 181811581, 5811838115 (11118-

teau, 1151115815 51. 81858 18181111118118811518118
58111111 1811181881. 1185111. 1859. 1.

ἡ

2521 11515118811515 Pron 188 18 151115815181181511118815
58811, naar tijdsorde gerangschikt. 1181118 stuk.
1229-1176. 1511551551. 1851. 8.

2525 Werken, uilgegeven door 18 1855811181 15118181-

151183 151 5818 11818111811515 [5118118818. Locum
1811- . 8.

 

