011

0111111111 (7. 111) 7.]11011111131 11011111 invocatio. 2126.
00111111111171. 2126.

01111111οο11 1111111111)1))111 111111. 2160.

713111 (1110. 1113. door 1111111111 1.0.1111)11111110) 5019.

01111101.) 01 Arist. 11110. Homericis. 2567.

011011111 (7.) 011 Wiesen· 11. 0111117111. 2049.

0110111111 script. 1111111 01111νί1111. 2620.

01131170 (Ρ. 111) 01111111. 5260.

71111ῳί1311 (011) 011101 Vries. 25211.

- 011171101111101) 71111 11 0111111. 5782.

011111 (0. 7. 111)011101311111111701111711011. 2705.

’ -- (7. 111) 3101171οο111 van 011200-111130111111011
0110111031 school 11 0111111011. 5107. ’

-—-- (Δ. 0. 0131101131 11 7. 111) spelling 111
1131111111. 2015.

0111113 (0.) 31110. 1111811111 7011711111. 255711 2862.

Lena. (71.) 011 0101111111. 2021.

0111111 (F. 01) 1111111111 01 17110111010011. 2801.

0111110710(010111110110) 2501.

0111111111οο (1117111 111 0101111110 0111010.) 2527.

0111101 (7. C.) 011111. 111 07111113 0117111111. 2002.

71111 (1111) 11 01 01011 111 011111101101 111017011 11
171111113011. 5827.

7111111 (1173111. 0111011111 5826.

71011 1111111111οΙ11111111 Hiberniae. 2070.

0111011111 (0111. 11) 011113. 0001111 chronicon. 2061.

01111111 (711.) 1111.1111.·111111. 2259.

011101113011111) 1001111 01 11 10111111 3111111. 2285.

01110113-01111111· (Ρ. 11111110. 0107. 01111131111. 2907.

71111111 Wiselius. 2977.

[1¹71 macas (cad ) st„- ffl (Ks'ffsssss‘cwm. 196

 

